[6 10 8 5 25]
2200 50 0 
2400 50 0 
2600 50 0
2800 50 0 
3000 50 0 
5300 50 0
3690 50 0  
3770 150 0 
3850 250 0 
4500 200 0 
5370 150 0 
5480 250 0
6240 450 0 
6350 550 0 
7540 50 0
7660 125 0
400 75 0 
4000 325 0  
4300 325 0
6460 650 0 
5700 650 0
4850 375 0
6850 50 0 
7880 300 0
850 150 0 
1530 50 0 
5890 350 0
6110 750 0 
5290 550 0
2100 0 0
2300 0 0
2500 45 0
2700 0 0
2900 45 0
3100 0 0
200 0 0
500 0 0
800 0 0
1150 0 0
1930 50 0
3300 50 0
3500 45 0
4600 230 0
4800 0 0
5000 45 0
5200 0 0
5370 45 0
5550 260 0
6300 450 0
6500 750 0
5630 570 0
6950 80 0
7200 20 0
7500 20 0